NAME: all_50 input file
Type: TSP
COMMENT: all_50
DIMENSION: 50
EDGE_WEIGHT_TYPE: EXPLICIT
EDGE_WEIGHT_FORMAT: FULL_MATRIX
EDGE_WEIGHT_SECTION 
0 2854 1496 385 2015 1160 991 764 177 146 4404 1796 546 513 755 701 411 315 1215 714 1079 723 944 229 543 1678 820 1925 1098 840 1149 986 497 1364 556 680 2144 756 1046 324 1124 264 692 1529 1106 614 2170 489 760 1189 
2854 0 2007 2515 1483 1825 2850 2877 3031 2843 2813 1279 2337 2461 2104 2166 2589 2797 2831 2851 2887 2372 1958 2722 2311 1233 2039 1476 2820 2852 2032 2767 2940 1509 2566 2301 1043 2772 2893 2949 1731 2629 2597 1564 2733 2890 913 2697 2181 1752 
1496 2007 0 1132 632 586 2213 2060 1639 1590 2907 738 1315 1498 1155 990 1555 1243 2369 2008 2299 1621 1286 1270 1164 909 988 582 2275 2102 380 2160 1901 1211 1665 840 985 1990 2278 1779 982 1444 869 505 2230 1958 1097 1730 1394 665 
385 2515 1132 0 1631 777 1169 976 555 458 4036 1414 378 487 479 350 479 303 1367 922 1260 693 707 207 265 1313 482 1540 1257 1034 772 1138 776 1065 627 298 1763 928 1232 646 790 327 442 1145 1238 852 1794 644 598 810 
2015 1483 632 1631 0 886 2554 2447 2177 2082 2461 443 1699 1883 1482 1385 1971 1807 2665 2400 2630 1943 1520 1804 1576 734 1324 101 2591 2470 877 2487 2347 1248 2046 1334 448 2360 2616 2258 1162 1902 1464 531 2529 2375 591 2140 1697 901 
1160 1825 586 777 886 0 1688 1566 1332 1210 3342 639 814 999 609 498 1085 1010 1822 1517 1769 1080 705 971 690 592 444 789 1737 1594 286 1627 1461 661 1164 503 987 1483 1752 1378 399 1021 772 371 1683 1489 1028 1254 840 97 
991 2850 2213 1169 2554 1688 0 234 1014 845 5014 2192 898 717 1079 1223 690 1290 230 279 90 610 1047 1164 1052 1959 1245 2453 115 152 1833 83 524 1441 553 1406 2501 242 64 704 1402 850 1603 2022 172 387 2465 529 856 1656 
764 2877 2060 976 2447 1566 234 0 780 618 4908 2113 754 568 966 1080 508 1069 464 53 317 531 984 948 897 1901 1123 2347 348 84 1681 258 290 1413 402 1233 2436 104 283 470 1324 649 1400 1917 384 153 2414 334 770 1546 
177 3031 1639 555 2177 1332 1014 780 0 228 4544 1969 713 654 929 878 536 409 1243 736 1096 849 1111 373 719 1855 997 2088 1126 862 1305 1024 491 1537 661 843 2317 796 1062 310 1301 420 804 1699 1149 626 2345 566 917 1363 
146 2843 1590 458 2082 1210 845 618 228 0 4495 1835 508 428 739 726 308 456 1069 568 933 620 902 351 547 1695 832 1989 952 694 1231 842 355 1339 435 757 2182 611 900 193 1124 214 819 1582 963 468 2198 352 698 1227 
4404 2813 2907 4036 2461 3342 5014 4908 4544 4495 0 2833 4156 4341 3943 3835 4423 4141 5115 4859 5089 4404 3973 4177 4025 3094 3784 2562 5047 4932 3265 4945 4790 3639 4506 3739 2561 4822 5076 4682 3615 4336 3751 2993 4981 4829 2638 4595 4158 3363 
1796 1279 738 1414 443 639 2192 2113 1969 1835 2833 0 1392 1567 1156 1109 1671 1647 2282 2069 2263 1590 1145 1610 1296 291 1018 357 2217 2125 774 2120 2054 820 1721 1141 348 2019 2253 1993 791 1635 1371 297 2149 2060 401 1829 1345 608 
546 2337 1315 378 1699 814 898 754 713 508 4156 1392 0 186 242 326 279 650 1065 704 984 334 398 517 159 1217 377 1600 965 788 935 847 662 831 353 524 1730 676 962 621 632 295 801 1172 928 675 1729 441 228 801 
513 2461 1498 487 1883 999 717 568 654 428 4341 1567 186 0 411 512 130 704 895 518 805 219 503 564 334 1379 559 1784 791 603 1118 672 495 953 167 690 1901 491 782 490 792 253 928 1355 761 494 1894 262 282 984 
755 2104 1155 479 1482 609 1079 966 929 739 3943 1156 242 411 0 207 520 782 1217 919 1160 471 233 668 222 974 167 1382 1129 988 781 1018 901 608 567 472 1490 878 1143 863 390 525 816 951 1078 904 1487 673 239 580 
701 2166 990 350 1385 498 1223 1080 878 726 3835 1109 326 512 207 0 587 647 1381 1029 1308 635 429 557 191 977 133 1287 1285 1115 610 1169 962 721 679 266 1455 1003 1287 884 439 526 618 866 1243 993 1473 759 431 503 
411 2589 1555 479 1971 1085 690 508 536 308 4423 1671 279 130 520 587 0 643 890 455 781 314 631 506 397 1494 655 1873 778 559 1177 659 382 1080 157 725 2009 451 754 360 908 175 917 1448 763 406 2007 175 412 1078 
315 2797 1243 303 1807 1010 1290 1069 409 456 4141 1647 650 704 782 647 643 0 1508 1017 1379 923 1008 140 564 1579 780 1724 1392 1141 930 1277 811 1366 801 508 1993 1050 1347 639 1085 468 394 1362 1391 923 2039 768 878 1062 
1215 2831 2369 1367 2665 1822 230 464 1243 1069 5115 2282 1065 895 1217 1381 890 1508 0 507 157 748 1145 1379 1224 2031 1385 2564 117 381 1991 232 754 1496 741 1585 2574 459 192 933 1503 1057 1807 2137 139 617 2524 740 982 1779 
714 2851 2008 922 2400 1517 279 53 736 568 4859 2069 704 518 919 1029 455 1017 507 0 365 494 945 895 845 1861 1075 2300 390 126 1629 292 250 1379 353 1180 2395 91 332 426 1281 595 1346 1870 418 111 2375 280 728 1499 
1079 2887 2299 1260 2630 1769 90 317 1096 933 5089 2263 984 805 1160 1308 781 1379 157 365 0 689 1117 1254 1139 2024 1326 2529 73 238 1919 143 605 1500 643 1495 2567 333 34 787 1474 941 1694 2099 160 470 2527 620 933 1734 
723 2372 1621 693 1943 1080 610 531 849 620 4404 1590 334 219 471 635 314 923 748 494 689 0 452 783 493 1370 639 1842 657 535 1243 546 575 886 207 857 1908 432 673 633 798 469 1129 1411 609 518 1883 339 246 1045 
944 1958 1286 707 1520 705 1047 984 1111 902 3973 1145 398 503 233 429 631 1008 1145 945 1117 452 0 887 443 918 338 1419 1073 986 932 974 989 450 619 695 1457 884 1107 991 358 691 1046 993 1009 958 1430 746 225 646 
229 2722 1270 207 1804 971 1164 948 373 351 4177 1610 517 564 668 557 506 140 1379 895 1254 783 887 0 446 1518 688 1716 1263 1018 931 1147 704 1266 663 474 1958 922 1223 543 996 330 467 1334 1259 807 1994 638 745 1011 
543 2311 1164 265 1576 690 1052 897 719 547 4025 1296 159 334 222 191 397 564 1224 845 1139 493 443 446 0 1148 284 1479 1122 937 785 1004 770 827 501 364 1640 825 1117 697 581 340 656 1057 1087 804 1651 571 344 692 
1678 1233 909 1313 734 592 1959 1901 1855 1695 3094 291 1217 1379 974 977 1494 1579 2031 1861 2024 1370 918 1518 1148 0 863 645 1974 1905 818 1883 1874 545 1522 1074 542 1803 2017 1836 586 1486 1364 404 1901 1864 514 1640 1132 521 
820 2039 988 482 1324 444 1245 1123 997 832 3784 1018 377 559 167 133 655 780 1385 1075 1326 639 338 688 284 863 0 1224 1297 1150 616 1185 1037 588 722 371 1359 1039 1309 977 308 623 731 796 1246 1052 1367 818 406 424 
1925 1476 582 1540 101 789 2453 2347 2088 1989 2562 357 1600 1784 1382 1287 1873 1724 2564 2300 2529 1842 1419 1716 1479 645 1224 0 2490 2370 794 2385 2250 1151 1946 1245 433 2260 2515 2163 1061 1807 1389 430 2427 2276 567 2041 1596 801 
1098 2820 2275 1257 2591 1737 115 348 1126 952 5047 2217 965 791 1129 1285 778 1392 117 390 73 657 1073 1263 1122 1974 1297 2490 0 265 1896 119 638 1446 633 1481 2517 342 96 817 1432 944 1695 2061 88 501 2474 625 898 1699 
840 2852 2102 1034 2470 1594 152 84 862 694 4932 2125 788 603 988 1115 559 1141 381 126 238 535 986 1018 937 1905 1150 2370 265 0 1722 176 373 1405 436 1282 2443 111 206 552 1334 710 1464 1939 301 235 2416 390 780 1569 
1149 2032 380 772 877 286 1833 1681 1305 1231 3265 774 935 1118 781 610 1177 930 1991 1629 1919 1243 932 931 785 818 616 794 1896 1722 0 1780 1529 946 1285 474 1101 1610 1898 1416 671 1073 605 476 1852 1582 1175 1352 1021 384 
986 2767 2160 1138 2487 1627 83 258 1024 842 4945 2120 847 672 1018 1169 659 1277 232 292 143 546 974 1147 1004 1883 1185 2385 119 176 1780 0 542 1362 513 1363 2425 230 133 716 1331 826 1576 1955 126 404 2387 509 790 1591 
497 2940 1901 776 2347 1461 524 290 491 355 4790 2054 662 495 901 962 382 811 754 250 605 575 989 704 770 1874 1037 2250 638 373 1529 542 0 1439 375 1061 2392 325 571 183 1287 456 1169 1827 669 138 2388 243 763 1459 
1364 1509 1211 1065 1248 661 1441 1413 1537 1339 3639 820 831 953 608 721 1080 1366 1496 1379 1500 886 450 1266 827 545 588 1151 1446 1405 946 1362 1439 0 1066 936 1081 1310 1496 1440 308 1125 1292 778 1369 1402 1028 1196 675 565 
556 2566 1665 627 2046 1164 553 402 661 435 4506 1721 353 167 567 679 157 801 741 353 643 207 619 663 501 1522 722 1946 633 436 1285 513 375 1066 0 852 2050 324 618 426 937 333 1068 1517 611 342 2036 133 394 1145 
680 2301 840 298 1334 503 1406 1233 843 757 3739 1141 524 690 472 266 725 508 1585 1180 1495 857 695 474 364 1074 371 1245 1481 1282 474 1363 1061 936 852 0 1488 1172 1470 942 632 604 361 860 1450 1122 1531 900 682 555 
2144 1043 985 1763 448 987 2501 2436 2317 2182 2561 348 1730 1901 1490 1455 2009 1993 2574 2395 2567 1908 1457 1958 1640 542 1359 433 2517 2443 1101 2425 2392 1081 2050 1488 0 2340 2559 2336 1113 1980 1705 633 2444 2392 146 2163 1666 955 
756 2772 1990 928 2360 1483 242 104 796 611 4822 2019 676 491 878 1003 451 1050 459 91 333 432 884 922 825 1803 1039 2260 342 111 1610 230 325 1310 324 1172 2340 0 304 490 1228 608 1361 1829 353 191 2315 287 674 1459 
1046 2893 2278 1232 2616 1752 64 283 1062 900 5076 2253 962 782 1143 1287 754 1347 192 332 34 673 1107 1223 1117 2017 1309 2515 96 206 1898 133 571 1496 618 1470 2559 304 0 752 1463 912 1665 2085 178 436 2521 590 919 1719 
324 2949 1779 646 2258 1378 704 470 310 193 4682 1993 621 490 863 884 360 639 933 426 787 633 991 543 697 1836 977 2163 817 552 1416 716 183 1440 426 942 2336 490 752 0 1254 358 1011 1749 841 316 2344 302 772 1388 
1124 1731 982 790 1162 399 1402 1324 1301 1124 3615 791 632 792 390 439 908 1085 1503 1281 1474 798 358 996 581 586 308 1061 1432 1334 671 1331 1287 308 937 632 1113 1228 1463 1254 0 910 985 638 1367 1279 1101 1053 554 317 
264 2629 1444 327 1902 1021 850 649 420 214 4336 1635 295 253 525 526 175 468 1057 595 941 469 691 330 340 1486 623 1807 944 710 1073 826 456 1125 333 604 1980 608 912 358 910 0 753 1391 934 524 1991 321 497 1030 
692 2597 869 442 1464 772 1603 1400 804 819 3751 1371 801 928 816 618 917 394 1807 1346 1694 1129 1046 467 656 1364 731 1389 1695 1464 605 1576 1169 1292 1068 361 1705 1361 1665 1011 985 753 0 1074 1679 1265 1772 1074 998 849 
1529 1564 505 1145 531 371 2022 1917 1699 1582 2993 297 1172 1355 951 866 1448 1362 2137 1870 2099 1411 993 1334 1057 404 796 430 2061 1939 476 1955 1827 778 1517 860 633 1829 2085 1749 638 1391 1074 0 2000 1848 698 1614 1166 371 
1106 2733 2230 1238 2529 1683 172 384 1149 963 4981 2149 928 761 1078 1243 763 1391 139 418 160 609 1009 1259 1087 1901 1246 2427 88 301 1852 126 669 1369 611 1450 2444 353 178 841 1367 934 1679 2000 0 530 2398 623 843 1641 
614 2890 1958 852 2375 1489 387 153 626 468 4829 2060 675 494 904 993 406 923 617 111 470 518 958 807 804 1864 1052 2276 501 235 1582 404 138 1402 342 1122 2392 191 436 316 1279 524 1265 1848 530 0 2379 234 735 1477 
2170 913 1097 1794 591 1028 2465 2414 2345 2198 2638 401 1729 1894 1487 1473 2007 2039 2524 2375 2527 1883 1430 1994 1651 514 1367 567 2474 2416 1175 2387 2388 1028 2036 1531 146 2315 2521 2344 1101 1991 1772 698 2398 2379 0 2154 1647 983 
489 2697 1730 644 2140 1254 529 334 566 352 4595 1829 441 262 673 759 175 768 740 280 620 339 746 638 571 1640 818 2041 625 390 1352 509 243 1196 133 900 2163 287 590 302 1053 321 1074 1614 623 234 2154 0 521 1243 
760 2181 1394 598 1697 840 856 770 917 698 4158 1345 228 282 239 431 412 878 982 728 933 246 225 745 344 1132 406 1596 898 780 1021 790 763 675 394 682 1666 674 919 772 554 497 998 1166 843 735 1647 521 0 801 
1189 1752 665 810 901 97 1656 1546 1363 1227 3363 608 801 984 580 503 1078 1062 1779 1499 1734 1045 646 1011 692 521 424 801 1699 1569 384 1591 1459 565 1145 555 955 1459 1719 1388 317 1030 849 371 1641 1477 983 1243 801 0 
